,type_location,nom_commune,code_departement,code_commune,prix_location,nb_pieces,nb_chambres,sbien_m²,sterrain_m²,taxe_loyer,cuisine_equipee,machine_laver,m_lave_vaisselle,bien_neuf,place_parking,ascenseur,cave,chauffage,vitrage,parking,baignoire,balcon,jardin,meublé,colocation,approximite_metro,terrasse
0,Appartement,Paris 12e Arrondissement,75,75056,1124,2,1,31,0,1025,0,0,0,0,0,0,0,0,1,1,1,0,0,1,0,1,0
1,Appartement,Boisemont,95,95074,520,1,1,22,0,500,0,0,0,0,0,0,0,1,0,0,0,0,0,0,0,0,1
2,Appartement,Noisy-le-Grand,93,93051,910,2,1,38,0,-1,1,0,0,0,0,0,1,0,0,0,0,1,0,0,0,0,0
3,Appartement,Paris 9e Arrondissement,75,75056,1224,2,1,29,0,-1,0,0,1,0,0,1,0,0,0,0,0,0,0,0,0,0,0
4,Appartement,Courbevoie,92,92026,2880,4,3,105,0,2880,0,0,1,0,0,0,0,0,1,0,0,0,0,1,0,1,0
5,Appartement,Paris 16e Arrondissement,75,75056,1800,3,2,60,0,1700,0,1,1,1,0,0,0,0,0,0,0,0,0,0,0,1,0
6,Appartement,Sèvres,92,92072,620,1,0,20,0,620,0,0,0,0,0,0,0,0,0,0,0,0,0,0,0,0,0
7,Appartement,Fontenay-sous-Bois,94,94033,1050,2,1,80,0,990,0,0,0,0,0,0,0,0,0,0,0,0,1,1,1,0,0
8,Appartement,Paris 16e Arrondissement,75,75056,805,1,0,16,0,805,1,0,0,0,0,0,0,1,0,0,0,0,0,0,0,0,0
9,Appartement,Évry-Courcouronnes,91,91228,520,1,1,0,0,-1,0,0,0,1,0,0,0,0,0,0,0,0,0,1,1,0,1
10,Appartement,La Chapelle-Rablais,77,77089,800,2,1,27,0,-1,0,0,0,0,0,0,0,0,0,0,0,0,0,0,0,0,1
11,Appartement,Paris 4e Arrondissement,75,75056,1530,2,1,35,0,1450,0,0,0,0,0,0,0,0,1,0,0,0,0,1,0,0,0
12,Appartement,Paris 12e Arrondissement,75,75056,1454,2,1,47,0,1294,1,0,0,0,0,0,0,0,1,1,1,0,0,1,1,1,0
13,Appartement,Paris 20e Arrondissement,75,75056,2480,2,1,82,0,-1,0,1,0,1,0,0,0,0,1,0,0,1,1,1,0,1,0
14,Appartement,Levallois-Perret,92,92044,890,1,0,24,0,-1,0,0,0,0,0,1,1,1,0,1,0,0,1,0,0,0,0
15,Appartement,Bougival,78,78092,750,2,1,28,0,-1,0,0,0,0,0,0,1,0,0,1,0,0,0,0,0,0,0
16,Appartement,Nanterre,92,92050,1450,3,2,65,0,-1,0,0,0,0,0,0,0,1,0,0,0,1,0,1,0,0,0
17,Appartement,Saint-Maur-des-Fossés,94,94068,590,1,0,16,0,590,0,1,0,0,0,0,0,0,0,0,0,0,0,0,0,0,0
18,Appartement,Le Vésinet,78,78650,750,2,1,26,0,-1,1,0,0,0,0,0,0,0,0,0,0,0,0,0,0,0,1
19,Appartement,Paris 16e Arrondissement,75,75056,4115,6,3,180,0,-1,0,0,0,0,0,1,0,0,0,0,0,0,0,0,0,0,0
20,Appartement,Courbevoie,92,92026,1250,2,1,43,0,1,0,0,0,1,0,1,0,1,1,0,1,0,0,0,0,1,0
21,Appartement,Le Chesnay-Rocquencourt,78,78158,680,1,0,17,0,-1,0,0,0,0,0,0,0,0,0,0,0,0,1,1,0,0,0
22,Appartement,Asnières-sur-Seine,92,92004,1040,2,1,40,0,1040,1,0,0,1,0,0,0,0,0,0,0,0,0,0,0,0,0
23,Appartement,Chaville,92,92022,710,1,0,21,0,-1,1,0,0,1,0,1,0,1,0,0,0,0,1,1,0,1,1
24,Appartement,Sevran,93,93071,460,1,1,0,0,-1,0,0,0,0,0,0,0,0,0,0,0,0,0,1,0,0,0
25,Appartement,Paris 7e Arrondissement,75,75056,950,3,2,30,0,-1,0,0,0,0,0,0,0,0,0,0,0,0,0,0,1,0,0
26,Appartement,Levallois-Perret,92,92044,714,1,0,11,0,69000,0,0,0,0,0,0,0,0,0,0,0,0,0,1,0,1,0
27,Appartement,Paris 1er Arrondissement,75,75056,2000,2,1,41,0,1900,0,0,0,1,0,0,0,0,0,0,1,0,0,1,0,1,0
28,Appartement,Ivry-sur-Seine,94,94041,820,2,1,39,0,-1,0,0,0,0,0,0,0,0,0,0,0,0,0,0,0,0,0
29,Appartement,Paris 18e Arrondissement,75,75056,645,1,0,15,0,-1,0,0,0,1,0,0,0,0,0,0,0,0,0,0,0,0,0
30,Appartement,Paris 17e Arrondissement,75,75056,1600,2,1,35,0,-1,0,0,0,1,0,0,1,0,0,0,0,0,0,0,0,1,0
31,Appartement,Créteil,94,94028,1500,4,3,77,0,1368,0,0,0,0,0,0,1,1,0,1,0,0,0,0,0,1,0
32,Appartement,Créteil,94,94028,1400,3,2,71,0,-1,0,0,0,0,0,0,0,0,0,1,0,0,0,0,0,1,0
33,Appartement,Saint-Denis,93,93066,840,2,1,41,0,790,0,0,0,0,0,0,0,0,0,0,0,0,0,0,0,0,0
34,Appartement,Suresnes,92,92073,1450,2,1,43,0,-1,0,0,0,1,0,0,0,1,0,0,0,1,0,0,0,0,1
35,Appartement,Alfortville,94,94002,880,1,0,36,0,-1,1,0,0,0,0,0,0,0,0,1,0,0,1,0,0,1,1
36,Appartement,Quincy-sous-Sénart,91,91514,750,2,1,39,0,750,0,0,0,0,0,0,0,0,0,1,0,0,0,0,0,0,0
37,Appartement,Asnières-sur-Seine,92,92004,1040,2,1,40,0,1040,1,0,0,1,0,0,0,0,0,0,0,0,0,0,0,0,0
38,Appartement,Gagny,93,93032,1120,2,1,43,0,-1,0,0,0,0,0,0,0,0,0,0,0,0,0,0,0,0,0
39,Appartement,Boissettes,77,77038,450,1,1,10,0,450,1,0,0,0,0,1,1,1,0,1,0,0,0,1,0,0,0
40,Appartement,Courbevoie,92,92026,2490,4,3,105,0,-1,1,0,0,0,0,0,0,0,0,0,0,0,0,0,0,0,0
41,Appartement,Saint-Denis,93,93066,680,1,1,0,0,-1,1,0,0,1,1,1,0,0,0,1,0,0,0,0,1,1,0
42,Appartement,Bry-sur-Marne,94,94015,740,1,0,21,0,-1,0,0,0,0,0,0,0,0,0,0,0,1,0,0,0,0,0
43,Appartement,Courbevoie,92,92026,1180,2,1,40,0,-1,1,0,1,0,0,1,0,1,1,0,0,0,0,1,0,0,0
44,Appartement,Le Pecq,78,78481,745,1,0,30,0,-1,0,0,0,0,0,1,0,0,0,0,0,1,0,0,0,0,0
45,Appartement,Courbevoie,92,92026,1720,3,2,68,0,-1,0,0,0,1,0,1,1,0,0,1,1,1,1,0,0,0,0
46,Appartement,Paris 17e Arrondissement,75,75056,2890,3,2,87,0,2890,0,0,0,0,0,0,0,1,0,0,1,0,0,0,0,0,0
47,Appartement,Ivry-sur-Seine,94,94041,1280,3,2,52,0,-1,1,0,0,0,0,0,1,1,1,0,0,0,0,0,1,1,0
48,Appartement,Paris 16e Arrondissement,75,75056,2100,3,2,60,0,-1,0,0,0,1,0,0,0,0,0,0,0,0,0,0,0,0,0
49,Appartement,Paris 10e Arrondissement,75,75056,1650,3,2,45,0,-1,1,0,0,1,0,0,0,0,0,0,0,1,0,0,0,1,0
50,Appartement,Paris 16e Arrondissement,75,75056,750,1,0,14,0,700,0,0,0,0,0,0,0,0,1,0,0,0,0,1,0,0,0
51,Appartement,Maisons-Alfort,94,94046,950,2,1,43,0,950,0,0,0,0,0,0,1,1,0,1,0,1,0,0,0,1,0
52,Appartement,Paris 17e Arrondissement,75,75056,1000,2,1,31,0,1780,0,0,0,0,0,0,1,0,1,0,0,0,0,1,0,0,0
53,Appartement,Paris 19e Arrondissement,75,75056,780,1,0,22,0,1000,0,0,0,0,0,0,0,1,1,0,0,0,0,1,0,0,0
54,Appartement,Vanves,92,92075,1340,2,1,40,0,780,0,0,1,1,0,1,0,0,0,0,1,0,1,1,0,1,0
55,Appartement,Boisemont,95,95074,575,4,1,20,0,1195,1,0,1,0,0,0,1,0,0,1,1,1,0,0,0,0,0
56,Appartement,Bobigny,93,93008,600,1,1,14,0,-1,1,0,0,0,0,0,0,0,0,0,0,0,0,0,0,1,1
57,Appartement,Champagne-sur-Seine,77,77079,510,2,1,24,0,-1,0,0,0,0,0,0,0,1,0,0,0,0,0,0,0,0,0
58,Appartement,Boulogne-Billancourt,92,92012,792,1,0,26,0,-1,0,0,0,0,0,1,0,0,1,0,1,0,1,0,0,1,0
59,Appartement,Le Perreux-sur-Marne,94,94058,840,2,1,35,0,792,1,0,0,1,0,0,0,0,0,0,1,0,0,1,0,0,0
60,Appartement,Paris 12e Arrondissement,75,75056,1040,1,0,31,0,820,0,0,0,0,0,1,1,1,0,0,0,0,0,0,0,1,0
61,Appartement,Paris 15e Arrondissement,75,75056,800,1,1,31,0,1,0,0,0,1,0,0,0,0,0,0,0,0,0,0,1,0,0
62,Appartement,Bagnolet,93,93006,875,1,0,32,0,-1,0,0,0,0,0,0,1,0,0,1,0,0,0,0,0,0,0
63,Appartement,Boulogne-Billancourt,92,92012,1180,1,0,30,0,720,0,0,0,1,0,1,0,0,0,0,0,1,0,1,0,1,0
64,Appartement,Boisemont,95,95074,550,1,1,12,0,14403,1,1,0,1,0,0,0,1,0,1,0,1,0,1,1,0,0
65,Appartement,Suresnes,92,92073,1365,3,2,55,0,875,1,0,0,0,0,1,1,0,0,1,0,1,0,0,0,0,0
66,Appartement,Rosny-sous-Bois,93,93064,890,2,1,27,0,-1,1,0,0,0,0,1,1,0,0,1,1,1,0,0,0,0,0
67,Appartement,Nanterre,92,92050,1950,4,3,81,0,500,1,0,0,0,0,0,0,0,0,1,0,0,0,1,0,0,0
68,Appartement,Paris 17e Arrondissement,75,75056,1600,2,1,59,0,-1,0,0,0,0,0,0,0,0,0,0,0,0,0,0,0,1,0
69,Appartement,Saint-Germain-en-Laye,78,78551,740,1,0,22,0,890,0,0,0,0,0,0,0,0,0,0,0,0,0,0,0,0,0
70,Appartement,Paris 12e Arrondissement,75,75056,1340,1,0,29,0,-1,1,0,1,1,0,1,0,1,0,0,0,0,0,1,0,1,0
71,Appartement,Saint-Denis,93,93066,790,2,1,25,0,1450,0,0,1,1,0,0,0,0,0,0,0,0,0,1,0,0,0
72,Appartement,Boulogne-Billancourt,92,92012,1090,2,1,31,0,740,0,0,0,0,0,0,0,0,0,0,0,0,0,1,0,1,0
73,Appartement,Vitry-sur-Seine,94,94081,530,1,1,22,0,1250,0,1,0,0,0,0,0,0,1,1,0,1,1,1,1,1,0
74,Appartement,Asnières-sur-Seine,92,92004,790,1,0,21,0,790,1,0,0,0,0,1,0,0,0,0,0,0,0,0,0,0,0
75,Appartement,Paris 17e Arrondissement,75,75056,1290,2,1,35,0,-1,0,0,0,0,0,1,0,0,0,0,0,0,0,0,0,0,0
76,Maison,Champagne-sur-Oise,95,95134,950,2,1,50,0,-1,0,0,0,0,0,0,0,1,0,0,0,0,0,0,0,0,0
77,Maison,Colombes,92,92025,1200,2,1,50,0,-1,0,0,0,1,0,0,0,0,0,0,0,0,1,1,0,0,0
78,Appartement,Fleury-Mérogis,91,91235,1000,2,1,59,0,-1,0,0,0,1,0,0,0,0,0,1,0,0,1,1,0,0,0
79,Appartement,Nanterre,92,92050,1400,2,1,55,0,-1,1,0,0,0,0,0,0,1,0,0,0,0,0,1,1,0,0
80,Appartement,Corbeil-Essonnes,91,91174,1090,3,2,66,0,-1,0,0,0,1,0,1,1,1,0,1,0,0,1,0,0,0,0
81,Appartement,Versailles,78,78646,800,2,1,22,0,1000,0,0,0,1,0,0,0,0,0,0,0,0,0,1,0,0,0
82,Maison,Ballainvilliers,91,91044,1620,6,4,125,0,1400,0,0,0,0,0,0,0,0,0,0,1,0,1,0,0,0,1
83,Appartement,Vitry-sur-Seine,94,94081,530,1,1,22,0,1000,0,1,0,0,0,0,0,0,1,1,0,1,1,1,1,1,0
84,Appartement,Saint-Maur-des-Fossés,94,94068,1180,2,1,36,0,3,1,0,0,1,0,0,0,0,1,0,0,0,0,0,0,0,1
85,Appartement,Levallois-Perret,92,92044,2090,3,2,59,0,780,0,0,0,0,1,0,0,0,0,1,0,0,0,1,0,1,1
86,Appartement,Fontainebleau,77,77186,1500,3,1,45,0,-1,1,1,0,0,0,0,0,0,0,0,0,0,0,0,0,0,0
87,Appartement,Paris 15e Arrondissement,75,75056,2900,3,2,88,0,-1,1,0,1,1,0,1,1,0,1,0,0,0,0,0,0,0,0
88,Appartement,Fontenay-sous-Bois,94,94033,870,2,1,28,0,1100,0,0,0,0,0,0,0,0,0,1,0,0,0,0,0,0,0
89,Appartement,Chaville,92,92022,1190,3,2,42,0,11007,1,0,0,0,0,0,0,1,0,1,0,0,1,0,0,0,0
90,Appartement,Saint-Ouen-sur-Seine,93,93070,690,1,1,11,0,-1,0,0,0,1,0,1,0,0,0,0,0,1,0,0,1,1,0
91,Maison,Amillis,77,77002,950,4,3,66,0,-1,0,0,0,0,0,0,0,0,0,0,0,0,0,0,0,0,0
92,Appartement,Saint-Ouen-sur-Seine,93,93070,1070,1,0,35,0,-1,0,0,0,0,0,0,0,1,0,0,0,0,0,1,0,1,0
93,Maison,Champs-sur-Marne,77,77083,1440,4,3,125,0,-1,0,0,0,0,0,0,0,0,0,0,0,0,1,0,0,0,1
94,Appartement,Gometz-la-Ville,91,91274,690,1,1,24,0,1060,0,0,0,0,0,0,0,0,0,0,0,0,1,0,1,0,1
95,Appartement,Mareuil-lès-Meaux,77,77276,600,1,1,0,0,-1,1,0,1,0,0,0,0,0,0,0,0,0,0,0,0,0,0
96,Appartement,Marly-le-Roi,78,78372,690,1,0,29,0,-1,1,0,0,0,0,0,0,0,0,1,1,1,0,1,0,0,0
97,Appartement,Paris 14e Arrondissement,75,75056,980,2,1,27,0,1020,0,0,0,0,0,0,0,1,0,0,0,0,0,0,0,0,0
98,Appartement,Le Vésinet,78,78650,750,2,1,26,0,1440,1,0,0,0,0,0,0,0,0,0,0,0,0,0,0,0,1
99,Appartement,Paris 6e Arrondissement,75,75056,1590,1,0,32,0,-1,0,0,1,0,0,0,0,0,1,0,0,0,0,1,0,0,0
100,Appartement,Aubergenville,78,78029,880,3,2,65,0,-1,1,0,0,0,0,0,0,0,0,0,1,0,0,0,0,0,0
101,Appartement,Paris 16e Arrondissement,75,75056,750,1,0,14,0,650,0,0,0,0,0,0,0,0,1,0,0,0,0,1,0,0,0
102,Appartement,Boisemont,95,95074,670,1,0,23,0,690,1,0,0,0,0,0,0,0,0,0,1,0,0,0,0,0,0
103,Appartement,Paris 14e Arrondissement,75,75056,1100,2,1,28,0,-1,0,0,0,0,0,0,0,0,1,0,1,0,1,1,0,1,0
104,Appartement,Neuilly-sur-Seine,92,92051,2950,4,3,85,0,-1,0,0,0,0,0,0,0,0,0,0,1,0,1,0,0,1,0
105,Appartement,Levallois-Perret,92,92044,1350,2,1,34,0,1510,0,0,1,1,0,0,1,0,0,0,0,0,0,0,0,1,0
106,Appartement,Saint-Germain-en-Laye,78,78551,790,1,0,27,0,2,0,0,0,0,0,1,0,0,0,0,0,1,0,0,0,0,0
107,Appartement,Boulogne-Billancourt,92,92012,1775,2,1,52,0,880,0,0,1,0,0,1,0,1,1,1,0,1,0,1,0,0,1
108,Appartement,Paris 18e Arrondissement,75,75056,1954,2,1,45,0,700,0,0,0,1,0,0,0,0,0,0,0,0,0,1,0,0,0
109,Appartement,Le Plessis-Robinson,92,92060,1150,2,1,42,0,650,0,0,0,0,1,0,1,0,0,1,0,0,0,0,0,0,0
110,Maison,Montreuil,93,93048,1700,3,2,75,0,670,0,0,0,0,0,0,0,1,0,0,0,0,0,0,0,0,0
111,Appartement,Saint-Maur-des-Fossés,94,94068,900,1,0,30,0,-1,1,0,0,0,0,0,0,0,0,0,0,0,0,0,0,0,0
112,Appartement,Paris 18e Arrondissement,75,75056,1280,2,1,37,0,-1,1,0,0,0,0,0,1,0,0,0,0,0,0,1,1,1,0
113,Appartement,Paris 18e Arrondissement,75,75056,984,1,0,24,0,1350,1,0,0,0,0,1,0,1,0,0,0,0,1,1,0,0,0
114,Appartement,Clamart,92,92023,1490,3,2,75,0,-1,1,0,0,0,0,0,0,1,0,0,1,0,0,0,0,0,1
115,Appartement,Gometz-le-Châtel,91,91275,1165,4,3,76,0,-1,0,0,0,0,1,1,1,0,0,1,1,0,0,0,0,0,0
116,Appartement,Antony,92,92002,1435,3,2,67,0,-1,0,0,0,0,1,1,0,1,0,1,0,0,1,1,1,0,1
117,Appartement,Boulogne-Billancourt,92,92012,1150,2,1,31,0,1150,1,0,0,1,0,0,1,1,0,0,0,0,0,1,0,0,0
118,Appartement,Alfortville,94,94002,820,1,0,26,0,-1,0,0,0,0,0,0,0,1,0,0,0,0,0,0,0,0,0
119,Appartement,Paris 15e Arrondissement,75,75056,1790,2,1,46,0,-1,0,1,0,0,0,0,0,0,0,0,1,1,1,0,0,0,0
120,Appartement,Rosny-sous-Bois,93,93064,680,7,6,95,0,-1,0,0,1,1,0,0,0,0,0,0,0,1,1,0,1,0,0
121,Appartement,Neuilly-sur-Seine,92,92051,2300,3,2,79,0,884,1,0,0,0,1,1,0,0,0,1,0,1,0,1,0,1,0
122,Maison,Nanterre,92,92050,2050,4,2,90,0,1400,1,0,0,0,0,0,1,0,0,0,0,0,1,1,0,0,0
123,Appartement,Versailles,78,78646,1000,2,1,35,0,-1,0,0,0,0,0,1,0,0,0,0,0,1,0,1,0,0,0
124,Appartement,Sceaux,92,92071,570,1,0,14,0,-1,0,0,0,1,0,0,0,0,0,0,0,0,1,0,0,0,0
125,Appartement,Le Chesnay-Rocquencourt,78,78158,1490,4,2,67,0,1150,0,0,0,0,0,0,0,0,0,0,0,1,0,0,0,0,0
126,Appartement,Bezons,95,95063,945,2,1,47,0,690,0,0,0,1,0,1,1,0,0,0,1,0,0,0,0,0,0
127,Appartement,Eaubonne,95,95203,1350,3,2,67,0,1790,1,0,1,0,0,0,1,1,1,0,0,1,0,1,0,0,0
128,Appartement,Paris 17e Arrondissement,75,75056,2171,4,2,72,0,580100,1,0,0,0,0,0,1,0,0,0,0,0,0,0,0,0,0
129,Appartement,Mareuil-lès-Meaux,77,77276,520,2,1,26,0,-1,0,0,0,0,0,0,0,0,0,0,0,0,0,0,0,0,0
130,Appartement,Paris 19e Arrondissement,75,75056,1080,2,1,33,0,-1,1,1,0,0,0,0,1,1,1,0,0,0,0,1,0,1,0
131,Appartement,Neuilly-sur-Marne,93,93050,980,2,1,42,0,-1,1,0,0,0,0,0,1,1,1,0,1,0,0,0,0,0,0
132,Appartement,Vitry-sur-Seine,94,94081,1300,3,2,59,0,570,0,0,0,0,1,1,0,0,0,1,1,0,0,0,0,1,0
133,Appartement,Bourg-la-Reine,92,92014,995,1,0,32,0,-1,0,0,0,1,0,1,0,0,0,0,0,0,0,1,0,0,0
134,Appartement,Paris 13e Arrondissement,75,75056,1475,2,1,48,0,795,0,0,0,0,0,1,1,0,1,1,1,0,0,0,0,0,0
135,Appartement,Palaiseau,91,91477,960,2,1,42,0,-1,1,0,0,0,1,0,0,0,0,1,0,0,0,1,0,0,1
136,Appartement,Bois-le-Roi,77,77037,520,1,0,19,0,-1,0,0,0,0,0,0,0,0,0,0,0,0,0,0,0,0,0
137,Appartement,Chevilly-Larue,94,94021,1190,2,1,42,0,-1,0,1,0,1,1,1,0,1,0,1,0,0,1,1,0,1,0
138,Appartement,Paris 17e Arrondissement,75,75056,2650,3,2,93,0,-1,0,0,0,1,0,1,0,0,0,1,0,1,0,1,0,0,0
139,Appartement,Issy-les-Moulineaux,92,92040,2950,3,2,96,0,860,1,1,0,0,0,0,0,0,0,0,0,0,0,0,0,1,0
140,Appartement,Garches,92,92033,750,1,0,19,0,-1,0,0,0,1,0,0,0,1,0,1,0,0,0,1,0,0,0
141,Appartement,Bréançon,95,95102,520,1,0,22,0,900,0,0,0,1,0,0,1,0,1,1,0,0,0,0,0,0,0
142,Appartement,Paris 11e Arrondissement,75,75056,935,1,0,29,0,-1,0,0,0,0,0,1,1,0,0,0,0,0,1,0,0,1,0
143,Maison,Aulnay-sous-Bois,93,93005,1125,3,2,63,0,960,0,0,0,1,0,0,0,0,0,1,0,0,0,0,0,0,0
144,Appartement,Boisemont,95,95074,560,1,1,11,0,520,0,0,0,0,0,0,0,1,0,0,0,1,0,1,1,0,0
145,Appartement,Rueil-Malmaison,92,92063,2100,3,2,75,0,3,0,0,1,0,1,0,1,0,0,1,0,0,1,1,0,0,1
146,Appartement,Aubervilliers,93,93001,660,1,1,12,0,2400,1,0,0,1,0,0,0,0,0,0,0,0,0,1,1,0,0
147,Appartement,Paris 17e Arrondissement,75,75056,2550,3,2,80,0,-1,0,0,0,0,0,0,0,0,0,0,1,0,0,0,0,1,0
148,Appartement,Dammarie-les-Lys,77,77152,1182,4,3,74,0,680,1,0,0,1,0,1,0,0,0,0,1,0,0,0,0,0,0
149,Appartement,Levallois-Perret,92,92044,1300,2,1,33,0,470,0,0,0,0,0,0,0,0,0,0,0,0,0,0,0,0,0
150,Appartement,Suresnes,92,92073,2295,4,3,83,0,-1,0,0,0,0,0,0,1,1,0,1,1,0,0,0,0,0,1
151,Appartement,Boulogne-Billancourt,92,92012,1600,2,1,38,0,1050,0,0,1,0,0,0,0,1,0,0,0,1,0,0,0,1,0
152,Appartement,Paris 19e Arrondissement,75,75056,900,1,1,0,0,-1,0,1,0,1,0,0,0,1,0,0,1,0,0,0,0,1,1
153,Appartement,Alfortville,94,94002,830,1,0,27,0,2100,0,0,0,1,0,0,0,1,0,0,0,0,0,0,0,0,0
154,Appartement,Paris 15e Arrondissement,75,75056,3200,5,3,94,0,660,0,0,0,1,0,1,0,0,0,0,0,0,0,0,0,1,0
155,Appartement,Eaubonne,95,95203,960,2,1,56,0,-1,0,0,0,0,0,0,0,0,0,0,1,0,1,0,0,0,1
156,Maison,Paris 6e Arrondissement,75,75056,2950,3,2,66,0,-1,0,0,1,1,0,0,0,0,0,0,0,0,0,1,0,1,0
157,Maison,Gaillon-sur-Montcient,78,78261,1300,5,4,125,0,1200,1,0,0,0,0,0,0,0,0,1,1,0,0,0,0,0,1
158,Appartement,Boisemont,95,95074,580,1,1,10,0,-1,0,0,0,1,0,0,1,1,0,1,0,0,0,1,1,0,0
159,Appartement,Nanterre,92,92050,1930,4,3,86,0,-1,0,0,0,1,1,1,0,0,0,1,1,0,0,0,0,0,0
160,Appartement,Versailles,78,78646,500,1,0,12,0,900,0,0,0,0,0,0,1,0,0,0,0,0,0,0,0,0,0
161,Appartement,Villeparisis,77,77514,550,5,4,102,0,770,0,1,1,1,0,1,0,0,1,1,0,0,0,0,1,0,0
162,Appartement,Le Plessis-Robinson,92,92060,1150,2,1,42,0,-1,0,0,0,0,1,0,1,0,0,1,0,0,0,0,0,0,0
163,Appartement,Paris 18e Arrondissement,75,75056,2450,3,1,60,0,960,0,0,0,1,0,0,0,0,0,0,0,0,0,1,0,1,1
164,Appartement,Leuville-sur-Orge,91,91333,1190,3,2,72,0,2950,0,1,0,1,0,0,0,0,0,1,1,1,1,0,0,0,0
165,Appartement,Versailles,78,78646,750,1,0,24,0,1300,1,0,0,0,0,0,0,1,1,0,0,0,0,0,0,0,0
166,Appartement,Aubervilliers,93,93001,1237,3,2,60,0,580,0,0,0,1,1,1,0,0,0,1,0,1,0,0,0,1,0
167,Appartement,Bazoches-sur-Guyonne,78,78050,590,1,0,18,0,-1,0,0,0,0,0,0,0,0,0,0,0,0,0,1,0,0,0
168,Appartement,Barcy,77,77023,520,1,0,25,0,-1,0,0,0,0,0,0,0,0,0,0,0,0,0,0,0,0,0
169,Appartement,Darvault,77,77156,730,3,2,75,0,490,0,0,0,0,0,0,0,0,1,1,1,0,0,0,0,0,0
170,Appartement,Nogent-sur-Marne,94,94052,795,1,0,24,0,590,0,0,0,0,0,0,0,1,0,0,0,0,1,0,0,0,0
171,Appartement,Palaiseau,91,91477,1795,5,3,100,0,1150,1,0,0,0,0,0,1,0,0,0,0,1,0,0,0,0,0
172,Appartement,Colombes,92,92025,880,1,0,20,0,2450,0,0,0,0,0,0,0,1,0,0,0,0,0,0,0,0,0
173,Appartement,Levallois-Perret,92,92044,1300,2,1,33,0,-1,0,0,0,0,0,0,0,0,0,0,0,0,0,0,0,0,0
174,Appartement,Alfortville,94,94002,880,1,0,36,0,-1,1,0,0,0,0,0,0,0,0,1,0,0,1,0,0,1,1
175,Appartement,Boulogne-Billancourt,92,92012,1775,3,2,67,0,-1,1,0,0,0,0,0,1,0,0,1,0,1,0,0,0,0,0
176,Appartement,Bourg-la-Reine,92,92014,1750,3,2,74,0,-1,0,0,0,1,0,1,1,0,0,0,1,0,0,0,0,0,0
177,Appartement,Boisemont,95,95074,1300,3,2,65,0,520,0,1,1,0,1,1,0,1,1,1,1,1,0,1,0,0,0
178,Appartement,Bagneux,92,92007,1380,3,2,56,0,-1,0,0,1,0,0,0,0,1,1,0,1,0,0,1,0,1,0
179,Appartement,Paris 15e Arrondissement,75,75056,990,1,0,29,0,-1,0,0,0,1,0,0,0,0,1,0,0,0,0,1,0,1,0
180,Appartement,Montmorency,95,95428,565,1,0,15,0,-1,0,0,0,0,0,0,0,0,0,1,0,0,0,1,0,0,0
181,Appartement,Arpajon,91,91021,650,2,1,36,0,-1,1,0,0,1,0,0,0,1,0,0,0,0,1,0,0,0,0
182,Appartement,Gennevilliers,92,92036,660,2,1,23,0,1200,1,0,0,1,0,0,0,0,0,0,0,0,0,0,0,1,0
183,Appartement,Paris 16e Arrondissement,75,75056,670,1,1,21,0,-1,0,1,0,0,0,0,0,0,0,0,0,0,0,1,1,1,0
184,Appartement,Paris 6e Arrondissement,75,75056,3300,4,2,100,0,1575,0,0,0,0,0,0,0,0,0,0,0,0,0,0,0,0,0
185,Appartement,Houilles,78,78311,1050,2,1,50,0,-1,1,0,0,0,1,0,0,0,1,1,0,0,0,0,0,0,0
186,Appartement,Maisons-Laffitte,78,78358,770,1,0,33,0,1300,1,0,0,1,0,0,1,1,0,0,0,0,0,0,0,0,0
187,Appartement,Paris 15e Arrondissement,75,75056,3200,5,3,94,0,1380,0,0,0,1,0,1,0,0,0,0,0,0,0,0,0,1,0
188,Appartement,Paris 15e Arrondissement,75,75056,1400,2,1,44,0,910,0,0,0,0,0,0,0,0,0,0,0,0,0,1,0,0,0
189,Appartement,Deuil-la-Barre,95,95197,960,2,1,48,0,-1,1,0,0,0,0,1,0,0,1,1,0,1,0,0,0,0,0
190,Appartement,Saint-Cloud,92,92064,1800,3,2,71,0,-1,0,0,1,1,0,0,0,0,0,0,1,0,0,0,0,0,0
191,Appartement,Livry-sur-Seine,77,77255,1105,3,2,70,0,620,1,1,1,0,0,0,0,0,0,0,0,0,0,1,1,0,0
192,Appartement,Bagnolet,93,93006,730,1,0,25,0,670,1,0,0,0,0,0,0,0,0,0,0,0,0,0,0,0,0
193,Appartement,Noisy-le-Grand,93,93051,1064,2,1,64,0,-1,0,0,0,0,1,0,0,0,0,1,0,0,1,0,0,0,0
194,Appartement,Paris 11e Arrondissement,75,75056,710,1,0,18,0,-1,0,0,0,0,0,0,0,0,1,0,0,0,0,1,0,0,0
195,Appartement,Juvisy-sur-Orge,91,91326,977,3,2,54,0,-1,1,1,0,0,0,0,0,1,0,0,1,0,0,1,0,0,0
196,Maison,Châtenay-Malabry,92,92019,2000,6,4,135,0,-1,1,0,0,0,0,0,0,0,0,0,0,0,1,0,0,0,0
197,Appartement,Vitry-sur-Seine,94,94081,1697,3,2,67,0,-1,0,0,1,1,0,0,0,1,0,1,1,0,1,1,0,1,0
198,Appartement,Le Perreux-sur-Marne,94,94058,2395,4,3,95,0,890,0,0,0,1,0,0,0,0,0,0,0,0,1,0,0,0,0
199,Appartement,Courbevoie,92,92026,2500,3,2,89,0,-1,1,0,0,0,0,1,0,0,0,0,0,0,0,0,0,0,0
200,Appartement,Paris 13e Arrondissement,75,75056,600,1,1,10,0,1105,1,1,0,0,0,0,1,1,0,1,0,0,0,0,0,1,0
201,Appartement,Chaville,92,92022,2700,5,2,101,0,690,0,0,0,1,0,0,0,1,0,1,0,1,0,0,0,0,1
202,Appartement,Poissy,78,78498,880,2,1,25,0,-1,0,0,0,0,0,0,0,1,0,0,0,0,0,0,0,0,0
203,Appartement,Drancy,93,93029,560,1,0,21,0,710,0,0,0,0,0,0,0,0,0,0,0,0,0,1,0,0,0
204,Appartement,Villemomble,93,93077,830,2,1,36,0,807,1,0,0,0,0,0,1,1,1,0,0,0,0,0,0,0,0
205,Appartement,Rueil-Malmaison,92,92063,1800,3,2,78,0,2000,0,0,0,0,0,1,0,0,0,1,0,1,0,0,0,0,0
206,Appartement,Paris 14e Arrondissement,75,75056,1340,2,1,25,0,1697,0,0,0,1,0,0,0,0,0,0,0,0,0,1,0,0,0
207,Appartement,Boulogne-Billancourt,92,92012,1850,3,1,52,0,2395,0,0,1,1,0,0,0,0,1,0,0,0,0,0,0,0,0
208,Appartement,Levallois-Perret,92,92044,1300,2,1,33,0,2500,0,0,0,0,0,0,0,0,0,0,0,0,0,0,0,0,0
209,Appartement,Boulogne-Billancourt,92,92012,950,1,0,35,0,-1,0,0,0,0,0,0,0,0,0,0,0,0,0,1,0,1,0
210,Appartement,Neuilly-sur-Marne,93,93050,980,2,1,42,0,-1,1,0,0,0,0,0,1,1,1,0,1,0,0,0,0,0,0
211,Appartement,Milon-la-Chapelle,78,78406,920,2,1,75,0,790,0,0,0,0,0,0,0,1,0,0,1,0,1,0,0,0,0
212,Maison,Boisemont,95,95074,590,9,1,15,0,-1,0,0,0,0,0,0,0,1,0,0,0,0,0,1,1,0,1
213,Appartement,Pantin,93,93055,910,2,1,40,0,-1,0,0,0,0,0,0,0,0,0,0,0,0,0,0,0,1,0
214,Appartement,Gometz-la-Ville,91,91274,970,2,1,43,0,1650,0,0,0,1,0,0,0,0,0,0,0,0,0,0,0,0,0
215,Appartement,Villeparisis,77,77514,550,5,4,102,0,-1,0,1,1,1,0,1,0,0,1,1,0,0,0,0,1,0,0
216,Appartement,Vaucresson,92,92076,1250,2,1,49,0,-1,1,0,0,0,0,1,0,1,0,1,1,1,0,0,0,0,0
217,Appartement,Évry-Courcouronnes,91,91228,980,3,2,68,0,1200,0,0,0,0,0,0,0,0,0,1,0,1,0,0,0,0,0
218,Appartement,Louveciennes,78,78350,650,1,0,23,0,-1,0,0,0,0,1,0,0,1,0,1,0,0,1,0,0,0,0
219,Appartement,Ableiges,95,95002,1250,5,3,160,0,860,0,0,0,0,0,0,0,0,0,0,0,0,0,0,0,0,0
220,Appartement,Paris 16e Arrondissement,75,75056,1775,2,1,52,0,750,0,0,0,1,0,1,0,0,0,0,0,0,1,1,0,1,0
221,Appartement,Paris 11e Arrondissement,75,75056,1270,1,0,31,0,-1,1,1,0,1,0,0,0,1,0,0,1,1,0,1,0,0,0
222,Appartement,Pierrefitte-sur-Seine,93,93059,600,1,1,25,0,-1,0,0,0,0,0,0,0,0,0,0,0,0,0,0,0,0,0
223,Appartement,Paris 18e Arrondissement,75,75056,1431,2,1,22,0,-1,0,0,1,1,0,0,0,0,0,0,0,0,0,0,0,0,0
224,Appartement,La Garenne-Colombes,92,92035,1560,3,2,73,0,490,0,0,1,0,0,1,1,1,0,0,1,1,0,0,0,0,0
225,Appartement,Noisy-le-Grand,93,93051,1294,3,2,69,0,590,0,0,0,0,0,0,1,1,0,1,0,1,0,0,0,0,0
226,Appartement,Gennevilliers,92,92036,660,1,0,20,0,1120,0,0,0,0,0,1,0,1,1,0,0,0,0,0,0,1,0
227,Appartement,Nogent-sur-Marne,94,94052,1200,3,1,45,0,-1,0,0,0,0,0,0,0,0,0,0,0,0,0,1,0,0,0
228,Appartement,Paris 15e Arrondissement,75,75056,875,1,0,26,0,-1,0,0,0,0,0,0,0,0,0,0,0,0,0,1,0,0,0
229,Maison,Montreuil,93,93048,3300,5,4,120,0,-1,0,0,1,0,0,0,0,0,0,0,0,0,0,0,0,1,1
230,Maison,Boisemont,95,95074,590,9,1,15,0,-1,0,0,0,0,0,0,0,1,0,0,0,0,0,1,1,0,1
231,Appartement,Rueil-Malmaison,92,92063,1400,2,1,50,0,-1,0,0,1,0,0,1,0,0,0,1,0,1,0,1,0,0,0
232,Appartement,Montreuil,93,93048,690,1,0,15,0,-1,0,0,0,1,0,0,0,1,1,0,0,0,0,0,0,1,0
233,Appartement,Le Blanc-Mesnil,93,93007,1280,3,2,60,0,140089,0,0,0,0,0,1,0,0,0,0,0,0,0,0,0,0,0
234,Appartement,Suresnes,92,92073,1990,2,1,63,0,1380,0,0,0,1,1,0,0,0,1,1,0,0,0,1,0,0,0
235,Appartement,Villejuif,94,94076,1100,2,1,39,0,-1,0,1,0,1,0,1,0,1,0,0,1,1,0,1,0,1,0
236,Appartement,Montesson,78,78418,1750,3,2,98,0,540,0,0,0,0,0,0,0,0,1,0,0,0,0,0,0,0,0
237,Appartement,Rueil-Malmaison,92,92063,1800,3,2,80,0,1200,1,0,0,0,0,1,0,0,0,1,1,0,0,0,0,0,0
238,Appartement,Cachan,94,94016,1200,2,1,54,0,800,1,0,0,1,0,0,0,0,0,0,0,1,1,0,0,0,0
239,Appartement,Paris 16e Arrondissement,75,75056,1250,2,1,37,0,3300,0,0,0,0,0,0,0,0,0,0,0,0,0,1,1,0,0
240,Appartement,Chapet,78,78140,560,1,0,22,0,-1,0,0,0,0,0,0,0,0,0,1,0,0,0,0,0,0,0
241,Appartement,Montesson,78,78418,790,2,1,37,0,1250,0,0,0,0,0,0,0,0,1,0,0,0,0,0,0,0,0
242,Appartement,Montesson,78,78418,1750,3,2,98,0,690,0,0,0,0,0,0,0,0,1,0,0,0,0,0,0,0,0
243,Appartement,Vitry-sur-Seine,94,94081,740,1,0,26,0,-1,0,0,0,0,0,0,0,1,0,0,0,0,0,0,0,0,0
244,Appartement,Fleury-Mérogis,91,91235,1000,3,2,62,0,1840,1,0,0,0,1,0,0,0,0,1,0,0,0,0,0,0,0
245,Appartement,Choisy-le-Roi,94,94022,780,2,1,40,0,-1,0,0,0,0,0,0,1,0,0,0,0,0,0,0,0,0,0
246,Appartement,Bagnolet,93,93006,1200,2,1,50,0,1680,0,0,0,1,0,1,0,0,1,0,0,0,0,1,0,0,0
247,Appartement,Boisemont,95,95074,500,1,1,13,0,1680,1,0,0,1,0,0,0,0,0,0,0,0,1,0,0,0,0
248,Appartement,Paris 15e Arrondissement,75,75056,1200,1,0,35,0,1100,0,0,0,0,0,0,1,0,0,0,0,1,1,0,0,1,0
